brookes1 Stephen_Brookes Government Economic_Actors_Lobbying_for_Influence 4 478 5 57 6 279 7 320 8 166 9 131 10 264 11 227 12 73 13 0 14 89 15 165 16 73 17 65 18 26 19 26 20 68 21 0 22 31 23 18 24 92 25 39 26 16 27 66 28 41 29 28 30 1 31 1 32 0 33 0 34 33 35 31 36 49 37 21 38 24 39 11 40 28 41 22 42 35 43 8 44 5 45 6 46 1 47 33 48 10 49 30 50 1 51 33 52 1 53 1 
brookes2 Stephen_Brookes Government Reshaping_the_World_Order 4 404 5 41 6 192 7 162 8 109 9 94 10 102 11 94 12 21 13 0 14 59 15 70 16 28 17 28 18 35 19 3 20 58 21 0 22 7 23 9 24 25 25 29 26 1 27 15 28 19 29 13 30 3 31 1 32 0 33 0 34 20 35 27 36 21 37 0 38 19 39 8 40 21 41 7 42 14 43 4 44 8 45 10 46 7 47 18 48 16 49 2 50 1 51 12 52 1 53 0 
brookes3 Stephen_Brookes Government Lean_Forward 4 352 5 20 6 160 7 136 8 123 9 71 10 90 11 79 12 19 13 0 14 48 15 46 16 25 17 28 18 31 19 0 20 35 21 0 22 9 23 8 24 12 25 18 26 1 27 17 28 23 29 29 30 7 31 2 32 0 33 0 34 10 35 17 36 7 37 0 38 13 39 11 40 44 41 12 42 24 43 10 44 9 45 9 46 3 47 14 48 6 49 2 50 7 51 13 52 3 53 0 
cascio1.txt Elizabeth_Cascio Economics Cracks_in_the_Melting_Pot 4 521 5 34 6 231 7 321 8 161 9 168 10 385 11 110 12 31 13 0 14 29 15 138 16 47 17 61 18 81 19 0 20 57 21 1 22 8 23 22 24 61 25 22 26 0 27 64 28 42 29 13 30 77 31 0 32 0 33 0 34 24 35 31 36 13 37 0 38 17 39 16 40 20 41 12 42 15 43 3 44 5 45 4 46 8 47 28 48 26 49 12 50 1 51 23 52 0 53 0 
cascio2.txt Elizabeth_Cascio Economics The_Poverty_Gap_in_School_Spending 4 135 5 4 6 42 7 79 8 63 9 31 10 92 11 19 12 13 13 0 14 6 15 24 16 7 17 30 18 11 19 0 20 7 21 0 22 1 23 8 24 13 25 11 26 0 27 9 28 21 29 1 30 13 31 0 32 0 33 0 34 10 35 2 36 0 37 0 38 3 39 4 40 8 41 7 42 3 43 2 44 4 45 0 46 2 47 3 48 3 49 0 50 0 51 5 52 0 53 0 
cascio3.txt Elizabeth_Cascio Economics Local_Responses_to_Federal_Grants 4 891 5 26 6 301 7 424 8 276 9 149 10 481 11 123 12 69 13 0 14 27 15 251 16 72 17 125 18 83 19 1 20 80 21 0 22 17 23 44 24 58 25 38 26 0 27 100 28 57 29 19 30 136 31 1 32 0 33 0 34 33 35 30 36 1 37 0 38 11 39 24 40 50 41 14 42 19 43 7 44 18 45 7 46 17 47 21 48 16 49 2 50 0 51 25 52 0 53 0 
cascio4.txt Elizabeth_Cascio Economics The_Impacts_of_Expanding_Preschool_Education 4 988 5 75 6 384 7 523 8 411 9 221 10 495 11 189 12 95 13 0 14 28 15 216 16 70 17 210 18 105 19 0 20 92 21 0 22 10 23 58 24 89 25 35 26 6 27 110 28 101 29 24 30 148 31 1 32 6 33 2 34 56 35 54 36 14 37 0 38 23 39 26 40 42 41 26 42 51 43 6 44 11 45 12 46 10 47 14 48 12 49 19 50 0 51 35 52 0 53 0 
cascio5.txt Elizabeth_Cascio Economics Valuing_the_Vote 4 1036 5 31 6 352 7 544 8 347 9 191 10 559 11 191 12 46 13 0 14 19 15 204 16 69 17 107 18 120 19 2 20 102 21 0 22 12 23 31 24 67 25 32 26 8 27 94 28 71 29 14 30 159 31 1 32 1 33 0 34 33 35 50 36 4 37 1 38 29 39 27 40 26 41 17 42 34 43 2 44 12 45 5 46 8 47 17 48 11 49 11 50 1 51 41 52 0 53 1 
cascio6.txt Elizabeth_Cascio Economics Is_Being_in_School_Better? 4 446 5 51 6 160 7 196 8 145 9 106 10 216 11 111 12 32 13 0 14 22 15 74 16 47 17 58 18 63 19 1 20 34 21 0 22 8 23 29 24 42 25 23 26 0 27 35 28 33 29 21 30 62 31 1 32 0 33 2 34 23 35 26 36 21 37 0 38 24 39 9 40 22 41 23 42 15 43 3 44 2 45 2 46 4 47 19 48 5 49 21 50 0 51 3 52 1 53 0 
crossley1.txt Pamela_Crossley History Thinking_About_Ethnicity_in_Early_Modern_China 4 1017 5 113 6 345 7 819 8 498 9 307 10 414 11 158 12 58 13 0 14 93 15 138 16 92 17 68 18 96 19 10 20 171 21 0 22 8 23 44 24 68 25 70 26 25 27 121 28 61 29 35 30 9 31 3 32 0 33 1 34 91 35 81 36 15 37 8 38 46 39 36 40 30 41 14 42 51 43 12 44 11 45 2 46 2 47 9 48 20 49 31 50 0 51 56 52 0 53 2 
dominy1 Nate_Dominy Anthropology Collapse_of_an_ecological_network 4 208 5 8 6 68 7 141 8 108 9 54 10 88 11 32 12 20 13 0 14 4 15 22 16 9 17 23 18 25 19 0 20 21 21 0 22 0 23 11 24 10 25 3 26 1 27 38 28 10 29 0 30 22 31 0 32 0 33 0 34 8 35 8 36 1 37 0 38 1 39 4 40 3 41 1 42 4 43 3 44 0 45 0 46 0 47 2 48 0 49 0 50 0 51 11 52 0 53 0 
dominy2 Nate_Dominy Anthropology Adaptive_convergent_origins_hunter-gatherers 4 396 5 9 6 107 7 236 8 179 9 89 10 113 11 47 12 17 13 0 14 4 15 127 16 14 17 30 18 86 19 0 20 29 21 0 22 2 23 20 24 17 25 4 26 0 27 40 28 58 29 6 30 86 31 0 32 0 33 0 34 19 35 20 36 0 37 0 38 12 39 19 40 8 41 0 42 10 43 0 44 1 45 0 46 4 47 8 48 0 49 3 50 0 51 19 52 2 53 0 
dominy3 Nate_Dominy Anthropology Conservation_Genetics_Tarsier 4 155 5 20 6 60 7 142 8 111 9 51 10 54 11 22 12 10 13 0 14 2 15 70 16 8 17 21 18 38 19 0 20 31 21 0 22 1 23 18 24 9 25 4 26 0 27 18 28 37 29 2 30 40 31 0 32 0 33 0 34 14 35 14 36 7 37 0 38 7 39 18 40 5 41 1 42 1 43 0 44 0 45 0 46 0 47 2 48 0 49 0 50 0 51 7 52 0 53 0 
dominy4 Nate_Dominy Anthropology Food_mechanical_properties 4 238 5 8 6 116 7 220 8 374 9 78 10 133 11 68 12 15 13 0 14 14 15 127 16 25 17 76 18 83 19 0 20 29 21 0 22 3 23 34 24 19 25 21 26 0 27 61 28 38 29 3 30 65 31 0 32 1 33 0 34 24 35 8 36 1 37 0 38 2 39 18 40 3 41 9 42 18 43 4 44 0 45 0 46 2 47 7 48 3 49 0 50 0 51 8 52 0 53 0 
dominy5 Nate_Dominy Anthropology A_natural_history_of_human_tree_climbing 4 463 5 45 6 222 7 374 8 432 9 183 10 248 11 111 12 32 13 0 14 31 15 115 16 33 17 47 18 101 19 8 20 57 21 4 22 16 23 48 24 49 25 21 26 9 27 87 28 81 29 11 30 20 31 0 32 0 33 0 34 36 35 30 36 6 37 0 38 16 39 5 40 16 41 7 42 11 43 2 44 3 45 12 46 3 47 10 48 2 49 10 50 1 51 24 52 0 53 0 
dominy6 Nate_Dominy Anthropology The_impact_of_agricultural_emergence 4 263 5 7 6 70 7 241 8 176 9 66 10 108 11 61 12 13 13 0 14 4 15 20 16 8 17 21 18 61 19 0 20 27 21 0 22 1 23 9 24 24 25 4 26 0 27 23 28 30 29 6 30 28 31 0 32 0 33 0 34 12 35 17 36 0 37 0 38 1 39 12 40 2 41 3 42 22 43 0 44 1 45 1 46 0 47 3 48 1 49 2 50 0 51 6 52 0 53 0 
hughes1 Russell_Hughes Chemistry Near-Infrared_Light 4 208 5 9 6 58 7 111 8 67 9 35 10 73 11 22 12 5 13 0 14 5 15 13 16 3 17 5 18 24 19 0 20 4 21 0 22 0 23 17 24 19 25 0 26 0 27 22 28 7 29 1 30 19 31 0 32 0 33 0 34 2 35 10 36 0 37 0 38 1 39 0 40 1 41 3 42 10 43 0 44 0 45 0 46 3 47 1 48 0 49 0 50 0 51 13 52 0 53 0 
hughes2 Russell_Hughes Chemistry Dearomative_Indole 4 202 5 23 6 97 7 157 8 100 9 56 10 78 11 36 12 12 13 0 14 8 15 40 16 12 17 8 18 47 19 0 20 36 21 0 22 0 23 8 24 22 25 5 26 0 27 41 28 16 29 3 30 22 31 0 32 0 33 0 34 16 35 8 36 0 37 0 38 1 39 2 40 4 41 2 42 5 43 1 44 3 45 0 46 4 47 4 48 2 49 0 50 0 51 14 52 0 53 0 
hughes3 Russell_Hughes Chemistry Visible_Light_Switching 4 188 5 11 6 41 7 101 8 64 9 29 10 54 11 32 12 10 13 0 14 4 15 18 16 6 17 12 18 22 19 0 20 16 21 0 22 0 23 19 24 12 25 2 26 0 27 12 28 5 29 1 30 6 31 0 32 0 33 0 34 3 35 5 36 1 37 0 38 3 39 0 40 0 41 2 42 1 43 1 44 1 45 0 46 3 47 0 48 0 49 0 50 0 51 12 52 0 53 0 
kotz1.txt Dave_Kotz CS ZEBRA 4 894 5 65 6 321 7 220 8 301 9 303 10 169 11 134 12 28 13 0 14 75 15 154 16 70 17 75 18 92 19 7 20 108 21 1 22 20 23 36 24 61 25 30 26 3 27 64 28 60 29 50 30 148 31 2 32 44 33 36 34 73 35 65 36 26 37 0 38 30 39 34 40 15 41 20 42 27 43 6 44 25 45 2 46 41 47 41 48 7 49 12 50 4 51 25 52 1 53 0 
kotz2.txt Dave_Kotz CS Amulet 4 280 5 29 6 159 7 100 8 141 9 139 10 78 11 82 12 11 13 0 14 25 15 61 16 26 17 39 18 31 19 0 20 36 21 0 22 7 23 11 24 39 25 5 26 0 27 36 28 27 29 3 30 44 31 0 32 3 33 0 34 55 35 54 36 5 37 0 38 4 39 8 40 13 41 3 42 5 43 0 44 5 45 3 46 0 47 8 48 0 49 2 50 1 51 18 52 0 53 0 
kotz3.txt Dave_Kotz CS An_Amulet_for_Trustworthy_Wearable_mHealth 4 396 5 65 6 205 7 109 8 220 9 184 10 77 11 59 12 8 13 0 14 57 15 72 16 17 17 58 18 59 19 0 20 30 21 0 22 1 23 11 24 28 25 10 26 2 27 17 28 25 29 2 30 24 31 0 32 43 33 17 34 77 35 47 36 13 37 0 38 13 39 12 40 8 41 5 42 15 43 5 44 3 45 2 46 0 47 9 48 16 49 3 50 0 51 20 52 0 53 0 
rockmore1 Dan_Rockmore Math The_Digital_Life_of_Salman_Rushdie 4 45 5 5 6 18 7 24 8 20 9 25 10 12 11 4 12 4 13 0 14 5 15 4 16 4 17 10 18 6 19 4 20 8 21 1 22 0 23 6 24 2 25 3 26 7 27 6 28 4 29 2 30 0 31 0 32 1 33 1 34 1 35 5 36 2 37 0 38 6 39 3 40 1 41 1 42 2 43 2 44 1 45 1 46 2 47 1 48 1 49 1 50 0 51 5 52 0 53 0 
rockmore2 Dan_Rockmore Math Inflation_in_the_Academy 4 43 5 13 6 37 7 35 8 20 9 24 10 12 11 14 12 7 13 0 14 3 15 16 16 4 17 5 18 5 19 0 20 12 21 0 22 4 23 9 24 7 25 4 26 0 27 3 28 2 29 2 30 5 31 0 32 0 33 0 34 12 35 3 36 5 37 3 38 7 39 7 40 2 41 4 42 5 43 0 44 2 45 1 46 1 47 2 48 2 49 3 50 0 51 2 52 2 53 0 
rockmore3 Dan_Rockmore Math Ban_Computers 4 80 5 4 6 26 7 58 8 33 9 26 10 20 11 21 12 6 13 0 14 6 15 9 16 6 17 10 18 7 19 2 20 7 21 0 22 0 23 6 24 8 25 2 26 3 27 4 28 5 29 2 30 5 31 0 32 0 33 0 34 5 35 7 36 3 37 7 38 4 39 4 40 2 41 3 42 4 43 2 44 3 45 2 46 4 47 1 48 3 49 1 50 1 51 6 52 0 53 0 
rockmore4 Dan_Rockmore Math Our_Liberal_Arts_Moment 4 46 5 6 6 23 7 39 8 24 9 39 10 26 11 12 12 6 13 0 14 6 15 12 16 5 17 2 18 3 19 1 20 10 21 1 22 0 23 4 24 3 25 3 26 2 27 2 28 4 29 5 30 4 31 0 32 0 33 0 34 8 35 9 36 1 37 0 38 0 39 1 40 2 41 2 42 1 43 0 44 0 45 1 46 4 47 2 48 0 49 3 50 1 51 4 52 0 53 0 
rockmore5 Dan_Rockmore Math Making_Math_Pop 4 89 5 8 6 25 7 69 8 48 9 52 10 28 11 30 12 6 13 0 14 15 15 19 16 3 17 8 18 15 19 10 20 16 21 3 22 0 23 5 24 6 25 12 26 8 27 9 28 7 29 1 30 4 31 1 32 1 33 1 34 8 35 5 36 5 37 8 38 3 39 5 40 1 41 2 42 1 43 2 44 1 45 1 46 1 47 0 48 6 49 10 50 0 51 3 52 1 53 1 
rockmore6 Dan_Rockmore Math Whither_the_University 4 73 5 9 6 24 7 48 8 40 9 16 10 17 11 12 12 2 13 0 14 1 15 4 16 3 17 5 18 4 19 1 20 12 21 0 22 0 23 6 24 3 25 3 26 0 27 5 28 2 29 1 30 5 31 0 32 0 33 0 34 2 35 7 36 6 37 0 38 3 39 3 40 0 41 2 42 3 43 2 44 2 45 2 46 0 47 0 48 1 49 0 50 0 51 3 52 0 53 0 
sloboda1.txt Roger_Sloboda Biology A_Protein_Methylation_Pathway 4 345 5 24 6 133 7 227 8 173 9 129 10 151 11 39 12 12 13 0 14 11 15 62 16 21 17 27 18 61 19 0 20 48 21 0 22 2 23 40 24 31 25 8 26 0 27 42 28 42 29 3 30 11 31 0 32 0 33 0 34 24 35 25 36 1 37 0 38 9 39 2 40 2 41 0 42 3 43 2 44 0 45 0 46 6 47 3 48 3 49 0 50 0 51 10 52 0 53 0 
sloboda2.txt Roger_Sloboda Biology Making_Sense_of_Cilia 4 402 5 21 6 95 7 264 8 166 9 103 10 163 11 86 12 14 13 0 14 15 15 48 16 17 17 47 18 27 19 2 20 30 21 0 22 5 23 23 24 31 25 11 26 1 27 52 28 26 29 2 30 0 31 0 32 0 33 0 34 13 35 11 36 2 37 0 38 6 39 3 40 2 41 6 42 11 43 1 44 4 45 2 46 3 47 3 48 1 49 4 50 0 51 25 52 2 53 0 
sloboda3.txt Roger_Sloboda Biology Methylation_of_Structural_Components 4 383 5 15 6 101 7 214 8 169 9 102 10 186 11 55 12 20 13 0 14 4 15 39 16 17 17 27 18 50 19 0 20 35 21 0 22 4 23 33 24 21 25 9 26 0 27 42 28 24 29 8 30 13 31 0 32 0 33 0 34 15 35 13 36 0 37 0 38 8 39 7 40 4 41 2 42 8 43 0 44 1 45 0 46 2 47 3 48 1 49 0 50 0 51 19 52 0 53 0 
